peanut
  hybrid R0  radius mm: 65.00 34.39 10.75 4.25 3.00 2.45 2.21 2.10 2.05 1.99 1.95
             error mm : 43.65 26.77 12.57 8.17 7.39 7.04 6.87 6.79 6.75 6.71 6.67
             own span : 0.99 0.99 0.95 0.89 0.86 0.85 0.84 0.84 0.84 0.83 0.83
  SPD-L      radius mm: 65.00 37.84 15.34 3.28 6.83 13.20 13.50 13.50
             error mm : 43.65 27.70 13.34 5.44 1.13 0.04 0.00 0.00
             own span : 0.99 0.98 0.94 0.97 1.00 1.00 1.00 0.97
        hybrid-type span: 0.99 0.99 0.96 0.92 0.95 0.97 0.96 0.96
kite
  hybrid R0  radius mm: 65.00 41.68 20.79 4.45 3.77 3.42 2.94 2.73 2.54 2.45 2.37 2.29 2.21 2.18
             error mm : 50.73 37.49 21.67 8.45 7.09 6.58 6.36 6.23 6.14 6.08 6.05 5.99 5.96 5.95
             own span : 0.98 0.97 0.94 0.80 0.74 0.71 0.69 0.68 0.67 0.67 0.66 0.66 0.65 0.65
  SPD-L      radius mm: 65.00 38.14 24.90 1.28 0.66 2.96 3.07 3.07
             error mm : 50.73 38.09 22.36 10.16 6.72 3.27 3.24 3.24
             own span : 0.98 0.97 0.93 0.81 0.47 0.19 0.18 0.18
        hybrid-type span: 0.98 0.97 0.94 0.87 0.34 0.06 0.05 0.05
circle_to_c
  hybrid R0  radius mm: 65.00 35.70 16.30 7.87 5.07 4.06 3.25 2.92 2.64 2.52 2.41 2.36 2.31 2.29 2.24 2.22 2.20 2.18 2.16 2.14
             error mm : 35.60 26.68 17.33 12.73 11.09 10.53 10.08 9.91 9.76 9.70 9.64 9.61 9.59 9.58 9.56 9.54 9.53 9.52 9.51 9.50
             own span : 0.89 0.87 0.73 0.55 0.43 0.38 0.32 0.30 0.28 0.27 0.26 0.26 0.25 0.25 0.25 0.25 0.24 0.24 0.24 0.24
  SPD-L      radius mm: 65.00 38.62 13.04 1.45 0.90 0.48 0.47 0.46
             error mm : 35.60 26.05 16.47 11.54 11.15 11.12 11.11 11.10
             own span : 0.89 0.92 0.69 0.28 0.24 0.25 0.25 0.25
        hybrid-type span: 0.89 0.93 0.75 0.56 0.59 0.61 0.61 0.60
circle_to_star
  hybrid R0  radius mm: 65.00 45.45 38.83 37.71 37.97 38.06 38.09 38.10 38.10 38.10
             error mm : 29.34 16.26 9.55 9.00 8.98 8.98 8.98 8.98 8.98 8.98
             own span : 0.92 0.70 0.11 0.00 0.00 0.00 0.00 0.00 0.00 0.00
  SPD-L      radius mm: 65.00 40.22 38.45 44.48 48.53 49.58 49.85 49.92 49.93 49.94
             error mm : 29.34 16.46 9.44 8.86 8.84 8.84 8.84 8.84 8.84 8.84
             own span : 0.92 0.72 0.11 0.00 0.00 0.00 0.00 0.00 0.00 0.00
        hybrid-type span: 0.92 0.72 0.11 0.00 0.00 0.00 0.00 0.00 0.00 0.00
SC-029 first band (stage-1 max energy ratio, min radius mm -> final RMS mm)
  wrong_circle    M=3: 1.06, 35.72 -> 0.002594329768565046 | M=2: 1.04, 31.93 -> 0.0013824982850642173
  circle_to_star  M=3: 1.05, 37.71 -> 0.5222339805141438 | M=2: 1.04, 31.96 -> 0.5437375590586755
  circle_to_c     M=3: 6.46, 2.14 -> 3.201992821655406 | M=2: 3.89, 2.14 -> 0.3537371282142743
  kite            M=3: 5.07, 2.18 -> 2.9825765385056786 | M=2: 4.24, 1.25 -> 5.536634169305714
  peanut          M=3: 4.01, 1.94 -> 2.944274527028015 | M=2: 1.76, 19.17 -> 0.12918845104639406
  hook            M=3: 6.67, 7.88 -> 0.5253907611107654 | M=2: 1.96, 17.33 -> 4.994014240104503
